MTE seed produced:
942 635 911 526 64 678 409 898 911 534 138 520 802 421 336 566 680 77 82 851 164 613 162 35 517 801 739 225 96 832 387 767 384 933 868 283 401 570 209 713 27 616 415 839 136 425 583 522 959 419 674 557 29 82 211 508 315 563 945 512 512 218 707 767 634 684 247 920 256 72 864 707 464 4 779 517 796 768 466 454 133 147 991 180 861 955 276 955 35 517 987 291 172 95 388 343 745 704 956 502

default_random_engine seed produced:
942 635 911 526 64 678 409 898 911 534 138 520 802 421 336 566 680 77 82 851 164 613 162 35 517 801 739 225 96 832 387 767 384 933 868 283 401 570 209 713 27 616 415 839 136 425 583 522 959 419 674 557 29 82 211 508 315 563 945 512 512 218 707 767 634 684 247 920 256 72 864 707 464 4 779 517 796 768 466 454 133 147 991 180 861 955 276 955 35 517 987 291 172 95 388 343 745 704 956 502

LCE seed produced:
605 844 250 286 326 706 667 843 603 951 198 24 474 841 743 99 776 105 361 410 614 158 311 373 438 733 41 913 951 98 337 875 519 565 35 478 136 28 323 646 785 851 580 443 766 823 972 973 710 880 522 628 857 92 903 311 107 669 60 613 334 5 978 555 958 179 499 523 529 757 150 700 901 218 393 550 166 297 280 818 173 79 977 975 4 418 852 56 47 767 750 6 560 920 812 152 614 759 992 805

LCE0 seed produced:
209 142 413 679 59 51 156 622 43 377 360 201 241 245 475 410 60 482 551 560 27 462 201 715 752 526 340 187 823 233 205 580 528 871 523 661 678 338 402 372 554 732 969 726 574 771 47 465 367 665 514 848 301 225 38 711 446 90 162 167 753 625 292 337 492 973 309 916 208 716 22 353 453 727 625 320 333 568 172 194 45 17 83 682 921 475 110 863 865 28 861 223 824 880 403 502 924 866 950 662

ranlux24 seed produced:
513 743 371 782 223 126 16 40 228 254 892 613 514 805 67 901 457 279 712 596 585 141 770 635 151 281 788 283 258 75 807 335 720 366 192 758 449 102 586 384 363 780 125 550 240 961 205 205 22 215 121 571 254 865 619 255 400 233 350 193 439 956 698 13 725 28 542 8 122 404 121 467 89 638 959 970 280 504 680 653 997 878 986 55 774 88 466 715 669 263 866 965 856 232 744 419 973 687 206 613

ranlux48 seed produced:
609 35 47 857 179 132 563 748 538 320 200 824 876 81 237 536 222 841 76 171 862 124 500 884 781 893 986 318 264 451 684 25 755 76 547 55 470 891 552 466 661 714 461 268 643 451 267 408 931 805 907 739 210 321 375 989 699 996 642 628 313 65 637 333 583 122 576 915 286 477 448 622 901 946 957 772 915 452 952 970 275 650 660 187 310 313 971 281 273 738 880 309 782 808 399 100 271 289 962 387

SwCE ranlux24_base seed produced:
513 743 371 782 223 126 16 40 228 254 892 613 514 805 67 901 457 279 712 596 585 141 770 891 770 157 302 496 489 470 569 101 542 853 877 760 787 907 637 784 111 822 46 472 291 619 233 15 83 626 25 541 556 2 938 733 906 377 205 82 237 634 919 434 826 911 860 905 914 463 4 835 51 807 801 586 519 902 192 945 313 457 846 725 780 951 816 683 581 249 452 768 931 478 991 331 764 876 780 879

knuth_b standard shuffle_order_engine seed produced:
840 263 353 771 594 487 610 10 585 80 27 739 208 22 283 692 45 861 961 710 827 618 569 752 557 156 614 39 533 188 398 885 694 187 234 428 865 979 732 528 539 739 137 320 216 775 737 746 672 246 863 367 338 969 260 532 292 988 314 267 69 587 661 59 701 848 225 823 925 486 543 329 580 219 872 843 90 802 459 864 402 910 194 875 950 666 703 277 474 233 475 83 218 340 716 862 217 210 693 380

random device produced:
919 751 17 77 614 819 443 938 809 756 797 662 492 739 839 845 251 361 513 211 880 78 405 856 223 328 944 953 48 421 114 950 609 770 524 680 964 49 978 927 330 649 848 379 388 302 17 491 754 76 862 547 675 945 202 290 830 252 124 905 43 284 712 692 444 640 443 2 440 706 504 877 794 693 442 82 793 698 516 444 749 703 892 783 934 782 181 756 311 969 949 416 764 324 899 241 0 754 778 376

srand seed produced:
827 803 228 663 770 265 157 781 387 92 631 66 633 304 554 127 414 208 517 233 446 399 527 500 867 856 859 912 731 244 410 545 887 834 743 219 69 123 536 924 512 582 825 820 414 161 45 660 179 274 719 675 949 893 717 727 791 559 647 634 729 162 47 978 800 305 25 445 826 799 492 76 381 843 530 480 928 335 517 235 634 57 722 161 281 569 186 806 950 892 623 641 648 81 780 353 102 570 904 199

seed_seq produced:
680 14 746 939 394 510 692 23 510 799 990 224 796 402 442 186 577 220 447 780 924 418 235 262 483 513 948 981 608 686 407 198 726 813 959 801 101 621 831 28 269 305 473 350 937 255 62 489 162 970 139 601 185 412 662 662 629 536 741 8 668 505 818 836 14 416 399 955 388 473 780 866 952 175 240 411 305 590 272 781 960 996 520 23 338 994 641 375 457 743 112 784 123 328 112 6 500 521 477 26 228